date Wed Mar 12 12:52:13.558 AM 2025
base hex  timestamps absolute
internal events logged
Begin Triggerblock Wed Mar 12 12:52:13.571 AM 2025
 0.000000 Start of measurement
 0.000000 1  41              Rx   d 8 00 00 00 00 00 00 00 00
 0.010411 1  242             Rx   d 8 FF FF 3F FF B6 00 03 01
 0.019578 1  41              Rx   d 8 00 00 00 00 00 00 00 00
 0.030114 1  3B6             Rx   d 8 0A 00 00 00 00 00 00 00
 0.030240 1  3B7             Rx   d 8 00 00 00 00 00 00 00 00
 0.030520 1  3B8             Rx   d 8 FF FF FF FF 00 00 00 00
 0.030745 1  42C             Rx   d 8 80 02 00 00 00 00 00 00
 0.039196 1  41              Rx   d 8 00 00 00 00 00 00 00 00
 0.049660 1  242             Rx   d 8 FF FF 3F FF B6 00 03 01
 0.058820 1  41              Rx   d 8 00 00 00 00 00 00 00 00
 0.069022 1  23A             Rx   d 8 FF FF FF FF F0 00 00 00
 0.069224 1  430             Rx   d 8 00 00 00 00 FE 00 00 00
 0.069477 1  434             Rx   d 8 00 00 00 00 0F FF 00 10
 0.069708 1  435             Rx   d 8 00 00 00 00 00 00 00 00
 0.074192 1  318             Rx   d 8 00 00 00 00 00 00 00 00
 0.074460 1  346             Rx   d 8 00 00 00 03 03 00 C0 00
 0.074694 1  348             Rx   d 8 00 00 00 01 00 00 00 00
 0.074938 1  430             Rx   d 8 40 00 40 9B 08 00 64 00
 0.075194 1  434             Rx   d 8 00 00 00 00 60 FF F0 00
 0.078556 1  41              Rx   d 8 00 00 00 00 00 00 00 00
 0.078819 1  42C             Rx   d 8 80 02 00 00 00 00 00 00
 0.089071 1  242             Rx   d 8 FF FF 3F FF B6 00 03 01
 0.089189 1  3B5             Rx   d 8 FF FD FF FD FF FD FF FD
 0.092771 1  7DF             Rx   d 8 02 01 04 00 00 00 00 00
 0.098092 1  41              Rx   d 8 00 00 00 00 00 00 00 00
 0.118024 1  41              Rx   d 8 00 00 00 00 00 00 00 00
 0.128625 1  242             Rx   d 8 FF FF 3F FF B6 00 03 01
 0.128767 1  3B3             Rx   d 8 44 8C C0 0C E6 00 03 3E
 0.129005 1  40A             Rx   d 8 C0 00 00 23 60 21 0B 00
 0.129260 1  42C             Rx   d 8 80 02 00 00 00 00 00 00
 0.137392 1  41              Rx   d 8 00 00 00 00 00 00 00 00
 0.157177 1  41              Rx   d 8 00 00 00 00 00 00 00 00
 0.167542 1  242             Rx   d 8 FF FF 3F FF B6 00 03 01
 0.169291 1  23A             Rx   d 8 FF FF FF FF F0 00 00 00
 0.169535 1  430             Rx   d 8 00 00 00 00 FE 00 00 00
 0.169802 1  434             Rx   d 8 00 00 00 00 0F FF 00 10
 0.170061 1  435             Rx   d 8 00 00 00 00 00 00 00 00
 0.174163 1  287             Rx   d 8 00 00 00 00 00 00 00 00
 0.174379 1  30A             Rx   d 8 85 00 00 00 00 00 00 00
 0.174637 1  318             Rx   d 8 00 00 00 00 00 00 00 00
 0.174890 1  346             Rx   d 8 00 00 00 03 03 00 C0 00
 0.175147 1  348             Rx   d 8 00 00 00 01 00 00 00 00
 0.175397 1  430             Rx   d 8 40 00 40 9B 08 00 64 00
 0.175661 1  434             Rx   d 8 00 00 00 00 60 FF F0 00
 0.176903 1  41              Rx   d 8 00 00 00 00 00 00 00 00
 0.177115 1  42C             Rx   d 8 80 02 00 00 00 00 00 00
 0.196582 1  41              Rx   d 8 00 00 00 00 00 00 00 00
 0.207010 1  242             Rx   d 8 FF FF 3F FF B6 00 03 01
 0.216118 1  41              Rx   d 8 00 00 00 00 00 00 00 00
 0.226959 1  331             Rx   d 8 C0 00 48 CF 02 00 00 00
 0.227011 1  42C             Rx   d 8 80 02 00 00 00 00 00 00
 0.236083 1  41              Rx   d 8 00 00 00 00 00 00 00 00
 0.246245 1  242             Rx   d 8 FF FF 3F FF B6 00 03 01
 0.255440 1  41              Rx   d 8 00 00 00 00 00 00 00 00
 0.269350 1  23A             Rx   d 8 FF FF FF FF F0 00 00 00
 0.269388 1  430             Rx   d 8 00 00 00 00 FE 00 00 00
 0.269669 1  434             Rx   d 8 00 00 00 00 0F FF 00 10
 0.269824 1  435             Rx   d 8 00 00 00 00 00 00 00 00
 0.274455 1  318             Rx   d 8 00 00 00 00 00 00 00 00
 0.274490 1  346             Rx   d 8 00 00 00 03 03 00 C0 00
 0.274753 1  348             Rx   d 8 00 00 00 01 00 00 00 00
 0.274993 1  430             Rx   d 8 40 00 40 9B 08 00 64 00
 0.275246 1  41              Rx   d 8 00 00 00 00 00 00 00 00
 0.275565 1  3B6             Rx   d 8 0A 00 00 00 00 00 00 00
 0.275741 1  3B7             Rx   d 8 00 00 00 00 00 00 00 00
 0.275988 1  42C             Rx   d 8 80 02 00 00 00 00 00 00
 0.276243 1  434             Rx   d 8 00 00 00 00 60 FF F0 00
 0.285737 1  242             Rx   d 8 FF FF 3F FF B6 00 03 01
 0.294864 1  41              Rx   d 8 00 00 00 00 00 00 00 00
 0.305989 1  7DF             Rx   d 8 02 01 0E 00 00 00 00 00
 0.314472 1  41              Rx   d 8 00 00 00 00 00 00 00 00
 0.325233 1  242             Rx   d 8 FF FF 3F FF B6 00 03 01
 0.325371 1  40A             Rx   d 8 C1 00 57 46 30 4A 58 58
 0.325655 1  42C             Rx   d 8 80 02 00 00 00 00 00 00
 0.334209 1  41              Rx   d 8 00 00 00 00 00 00 00 00
 0.353812 1  41              Rx   d 8 00 00 00 00 00 00 00 00
 0.364393 1  242             Rx   d 8 FF FF 3F FF B6 00 03 01
 0.369689 1  23A             Rx   d 8 FF FF FF FF F0 00 00 00
 0.369733 1  430             Rx   d 8 00 00 00 00 FE 00 00 00
 0.369903 1  434             Rx   d 8 00 00 00 00 0F FF 00 10
 0.370141 1  435             Rx   d 8 00 00 00 00 00 00 00 00
 0.373477 1  41              Rx   d 8 00 00 00 00 00 00 00 00
 0.373658 1  42C             Rx   d 8 80 02 00 00 00 00 00 00
 0.374222 1  287             Rx   d 8 00 00 00 00 00 00 00 00
 0.374429 1  30A             Rx   d 8 85 00 00 00 00 00 00 00
 0.374758 1  318             Rx   d 8 00 00 00 00 00 00 00 00
 0.374966 1  346             Rx   d 8 00 00 00 03 03 00 C0 00
 0.375231 1  348             Rx   d 8 00 00 00 01 00 00 00 00
 0.375460 1  430             Rx   d 8 40 00 40 9B 08 00 64 00
 0.375725 1  434             Rx   d 8 00 00 00 00 60 FF F0 00
 0.393112 1  41              Rx   d 8 00 00 00 00 00 00 00 00
 0.403665 1  242             Rx   d 8 FF FF 3F FF B6 00 03 01
 0.412713 1  41              Rx   d 8 00 00 00 00 00 00 00 00
 0.423317 1  42C             Rx   d 8 80 02 00 00 00 00 00 00
 0.432558 1  41              Rx   d 8 00 00 00 00 00 00 00 00
 0.442959 1  242             Rx   d 8 FF FF 3F FF B6 00 03 01
 0.452064 1  41              Rx   d 8 00 00 00 00 00 00 00 00
 0.469515 1  23A             Rx   d 8 FF FF FF FF F0 00 00 00
 0.469548 1  430             Rx   d 8 00 00 00 00 FE 00 00 00
 0.469741 1  434             Rx   d 8 00 00 00 00 0F FF 00 10
 0.469980 1  435             Rx   d 8 00 00 00 00 00 00 00 00
 0.471987 1  41              Rx   d 8 00 00 00 00 00 00 00 00
 0.472016 1  42C             Rx   d 8 80 02 00 00 00 00 00 00
 0.474299 1  318             Rx   d 8 00 00 00 00 00 00 00 00
 0.474463 1  346             Rx   d 8 00 00 00 03 03 00 C0 00
 0.474674 1  348             Rx   d 8 00 00 00 01 00 00 00 00
 0.474928 1  430             Rx   d 8 40 00 40 9B 08 00 64 00
 0.475183 1  434             Rx   d 8 00 00 00 00 60 FF F0 00
 0.482555 1  242             Rx   d 8 FF FF 3F FF B6 00 03 01
 0.491505 1  41              Rx   d 8 00 00 00 00 00 00 00 00
 0.507862 1  581             Rx   d 8 81 00 FF FF FF FF FF FF
 0.511157 1  41              Rx   d 8 00 00 00 00 00 00 00 00
 0.519307 1  7DF             Rx   d 8 02 01 0B 00 00 00 00 00
 0.521876 1  242             Rx   d 8 FF FF 3F FF B6 00 03 01
 0.522053 1  38D             Rx   d 8 20 00 00 00 00 00 00 F0
 0.522303 1  3B1             Rx   d 8 00 00 00 00 00 00 00 00
 0.522535 1  3B6             Rx   d 8 0A 00 00 00 00 00 00 00
 0.522777 1  3B7             Rx   d 8 00 00 00 00 00 00 00 00
 0.523025 1  3B8             Rx   d 8 FF FF FF FF 00 00 00 00
 0.523276 1  3E3             Rx   d 8 00 00 00 00 80 00 00 00
 0.523547 1  3EB             Rx   d 8 00 04 04 00 00 00 00 00
 0.523799 1  40A             Rx   d 8 C1 01 47 41 48 4A 48 45
 0.524060 1  42C             Rx   d 8 80 02 00 00 00 00 00 00
 0.524288 1  43C             Rx   d 8 B2 00 4B 2C 3C 99 88 14
 0.524539 1  447             Rx   d 8 20 00 00 4B 00 20 00 00
 0.530661 1  41              Rx   d 8 00 00 00 00 00 00 00 00
 0.550379 1  41              Rx   d 8 00 00 00 00 00 00 00 00
 0.558896 1  59E             Rx   d 8 9E 00 FF FF FF FF FF FF
 0.560792 1  242             Rx   d 8 FF FF 3F FF B6 00 03 01
 0.569586 1  23A             Rx   d 8 FF FF FF FF F0 00 00 00
 0.569635 1  2F1             Rx   d 8 00 00 00 00 00 00 00 00
 0.569833 1  386             Rx   d 8 00 00 00 00 00 00 00 00
 0.570076 1  41              Rx   d 8 00 00 00 00 00 00 00 00
 0.570317 1  3B4             Rx   d 8 34 21 11 FF 1E 1A 00 00
 0.570536 1  42C             Rx   d 8 80 02 00 00 00 00 00 00
 0.570780 1  430             Rx   d 8 00 00 00 00 FE 00 00 00
 0.571106 1  434             Rx   d 8 00 00 00 00 0F FF 00 10
 0.571277 1  435             Rx   d 8 00 00 00 00 00 00 00 00
 0.571515 1  437             Rx   d 8 00 00 00 00 00 00 00 00
 0.571754 1  438             Rx   d 8 00 00 00 00 00 00 00 00
 0.572006 1  439             Rx   d 8 00 00 04 00 04 00 00 00
 0.572258 1  43A             Rx   d 8 00 00 00 00 00 00 00 00
 0.574410 1  18B             Rx   d 8 00 00 00 1E 00 00 00 00
 0.574538 1  19A             Rx   d 8 00 00 00 02 40 00 00 00
 0.574787 1  220             Rx   d 8 10 01 00 00 00 00 00 00
 0.575036 1  225             Rx   d 8 20 81 00 00 00 00 00 00
 0.575300 1  287             Rx   d 8 00 00 00 00 00 00 00 00
 0.575553 1  2F4             Rx   d 8 10 01 00 00 00 00 00 00
 0.575818 1  2FD             Rx   d 8 09 00 00 04 FC 00 00 00
 0.576187 1  30A             Rx   d 8 85 00 00 00 00 00 00 00
 0.576376 1  315             Rx   d 8 00 00 00 00 00 00 00 00
 0.576602 1  318             Rx   d 8 00 00 00 00 00 00 00 00
 0.576862 1  346             Rx   d 8 00 00 00 03 03 00 C0 00
 0.577218 1  348             Rx   d 8 00 00 00 01 00 00 00 00
 0.577368 1  350             Rx   d 8 40 00 00 00 00 00 00 00
 0.577660 1  353             Rx   d 8 00 00 00 00 00 00 00 00
 0.577902 1  3C8             Rx   d 8 00 00 00 EC 00 00 00 00
 0.578162 1  3E0             Rx   d 8 00 00 00 00 80 00 00 00
 0.578433 1  3FB             Rx   d 8 00 00 00 00 04 00 00 00
 0.578667 1  430             Rx   d 8 40 00 40 9B 08 00 64 00
 0.578914 1  434             Rx   d 8 00 00 00 00 60 FF F0 00
 0.580539 1  3B5             Rx   d 8 FF FD FF FD FF FD FF FD
 0.589898 1  41              Rx   d 8 00 00 00 00 00 00 00 00
 0.600291 1  242             Rx   d 8 FF FF 3F FF B6 00 03 01
 0.600535 1  3C7             Rx   d 8 00 00 40 00 00 00 00 00
 0.609442 1  41              Rx   d 8 00 00 00 00 00 00 00 00
 0.619889 1  3B3             Rx   d 8 44 8C C0 0C E6 00 03 3E
 0.620029 1  3C3             Rx   d 8 5C 80 10 C1 01 00 01 00
 0.620278 1  42C             Rx   d 8 80 02 00 00 00 00 00 00
 0.629056 1  41              Rx   d 8 00 00 00 00 00 00 00 00
 0.639553 1  242             Rx   d 8 FF FF 3F FF B6 00 03 01
 0.648834 1  41              Rx   d 8 00 00 00 00 00 00 00 00
 0.668358 1  41              Rx   d 8 00 00 00 00 00 00 00 00
 0.668521 1  42C             Rx   d 8 80 02 00 00 00 00 00 00
 0.669636 1  23A             Rx   d 8 FF FF FF FF F0 00 00 00
 0.669871 1  430             Rx   d 8 00 00 00 00 FE 00 00 00
 0.670110 1  434             Rx   d 8 00 00 00 00 0F FF 00 10
 0.670339 1  435             Rx   d 8 00 00 00 00 00 00 00 00
 0.674341 1  318             Rx   d 8 00 00 00 00 00 00 00 00
 0.674493 1  346             Rx   d 8 00 00 00 03 03 00 C0 00
 0.674688 1  348             Rx   d 8 00 00 00 01 00 00 00 00
 0.674958 1  430             Rx   d 8 40 00 40 9B 08 00 64 00
 0.675191 1  434             Rx   d 8 00 00 00 00 60 FF F0 00
 0.679039 1  242             Rx   d 8 FF FF 3F FF B6 00 03 01
 0.688107 1  41              Rx   d 8 00 00 00 00 00 00 00 00
 0.707772 1  41              Rx   d 8 00 00 00 00 00 00 00 00
 0.718573 1  242             Rx   d 8 FF FF 3F FF B6 00 03 01
 0.718603 1  40A             Rx   d 8 C1 02 32 38 38 33 36 00
 0.718848 1  42C             Rx   d 8 80 02 00 00 00 00 00 00
 0.727289 1  41              Rx   d 8 00 00 00 00 00 00 00 00
 0.732121 1  7DF             Rx   d 8 02 01 10 00 00 00 00 00
 0.747028 1  41              Rx   d 8 00 00 00 00 00 00 00 00
 0.757470 1  242             Rx   d 8 FF FF 3F FF B6 00 03 01
 0.766599 1  41              Rx   d 8 00 00 00 00 00 00 00 00
 0.766791 1  84              Rx   d 8 00 00 00 01 02 01 0C 00
 0.766987 1  331             Rx   d 8 C0 00 48 CF 02 00 00 00
 0.767216 1  3B6             Rx   d 8 0A 00 00 00 00 00 00 00
 0.767473 1  3B7             Rx   d 8 00 00 00 00 00 00 00 00
 0.767710 1  42C             Rx   d 8 80 02 00 00 00 00 00 00
 0.769747 1  23A             Rx   d 8 FF FF FF FF F0 00 00 00
 0.769928 1  430             Rx   d 8 00 00 00 00 FE 00 00 00
 0.770170 1  434             Rx   d 8 00 00 00 00 0F FF 00 10
 0.770415 1  435             Rx   d 8 00 00 00 00 00 00 00 00
 0.774278 1  287             Rx   d 8 00 00 00 00 00 00 00 00
 0.774489 1  30A             Rx   d 8 85 00 00 00 00 00 00 00
 0.774704 1  318             Rx   d 8 00 00 00 00 00 00 00 00
 0.774918 1  346             Rx   d 8 00 00 00 03 03 00 C0 00
 0.775184 1  348             Rx   d 8 00 00 00 01 00 00 00 00
 0.775427 1  430             Rx   d 8 40 00 40 9B 08 00 64 00
 0.775694 1  434             Rx   d 8 00 00 00 00 60 FF F0 00
 0.775936 1  591             Rx   d 8 91 00 FF FF FF FF FF FF
 0.786535 1  41              Rx   d 8 00 00 00 00 00 00 00 00
 0.796763 1  242             Rx   d 8 FF FF 3F FF B6 00 03 01
 0.805913 1  41              Rx   d 8 00 00 00 00 00 00 00 00
 0.816549 1  42C             Rx   d 8 80 02 00 00 00 00 00 00
 0.825628 1  41              Rx   d 8 00 00 00 00 00 00 00 00
 0.836069 1  242             Rx   d 8 FF FF 3F FF B6 00 03 01
 0.845371 1  41              Rx   d 8 00 00 00 00 00 00 00 00
 0.864933 1  41              Rx   d 8 00 00 00 00 00 00 00 00
 0.865122 1  42C             Rx   d 8 80 02 00 00 00 00 00 00
 0.869749 1  23A             Rx   d 8 FF FF FF FF F0 00 00 00
 0.869947 1  430             Rx   d 8 00 00 00 00 FE 00 00 00
 0.870165 1  434             Rx   d 8 00 00 00 00 0F FF 00 10
 0.870399 1  435             Rx   d 8 00 00 00 00 00 00 00 00
 0.874239 1  318             Rx   d 8 00 00 00 00 00 00 00 00
 0.874462 1  346             Rx   d 8 00 00 00 03 03 00 C0 00
 0.874765 1  348             Rx   d 8 00 00 00 01 00 00 00 00
 0.874999 1  430             Rx   d 8 40 00 40 9B 08 00 64 00
 0.875247 1  434             Rx   d 8 00 00 00 00 60 FF F0 00
 0.875485 1  242             Rx   d 8 FF FF 3F FF B6 00 03 01
 0.884774 1  41              Rx   d 8 00 00 00 00 00 00 00 00
 0.904295 1  41              Rx   d 8 00 00 00 00 00 00 00 00
 0.915281 1  242             Rx   d 8 FF FF 3F FF B6 00 03 01
 0.915324 1  40A             Rx   d 8 C1 04 01 8A 07 54 85 41
 0.915548 1  42C             Rx   d 8 80 02 00 00 00 00 00 00
 0.924053 1  41              Rx   d 8 00 00 00 00 00 00 00 00
 0.943568 1  41              Rx   d 8 00 00 00 00 00 00 00 00
 0.945036 1  7DF             Rx   d 8 02 01 03 00 00 00 00 00
 0.954136 1  242             Rx   d 8 FF FF 3F FF B6 00 03 01
 0.963189 1  41              Rx   d 8 00 00 00 00 00 00 00 00
 0.963337 1  42C             Rx   d 8 80 02 00 00 00 00 00 00
 0.969517 1  23A             Rx   d 8 FF FF FF FF F0 00 00 00
 0.969681 1  430             Rx   d 8 00 00 00 00 FE 00 00 00
 0.969927 1  434             Rx   d 8 00 00 00 00 0F FF 00 10
 0.970174 1  435             Rx   d 8 00 00 00 00 00 00 00 00
 0.974246 1  287             Rx   d 8 00 00 00 00 00 00 00 00
 0.974432 1  30A             Rx   d 8 85 00 00 00 00 00 00 00
 0.974671 1  318             Rx   d 8 00 00 00 00 00 00 00 00
 0.974918 1  346             Rx   d 8 00 00 00 03 03 00 C0 00
 0.975176 1  348             Rx   d 8 00 00 00 01 00 00 00 00
 0.975425 1  430             Rx   d 8 40 00 40 9B 08 00 64 00
 0.975684 1  434             Rx   d 8 00 00 00 00 60 FF F0 00
 0.983140 1  41              Rx   d 8 00 00 00 00 00 00 00 00
 0.993585 1  242             Rx   d 8 FF FF 3F FF B6 00 03 01
 1.002620 1  41              Rx   d 8 00 00 00 00 00 00 00 00
 1.013202 1  3B6             Rx   d 8 0A 00 00 00 00 00 00 00
 1.013406 1  3B7             Rx   d 8 00 00 00 00 00 00 00 00
 1.013607 1  3B8             Rx   d 8 FF FF FF FF 00 00 00 00
 1.013865 1  42C             Rx   d 8 80 02 00 00 00 00 00 00
 1.022434 1  41              Rx   d 8 00 00 00 00 00 00 00 00
 1.032713 1  242             Rx   d 8 FF FF 3F FF B6 00 03 01
 1.041827 1  41              Rx   d 8 00 00 00 00 00 00 00 00
 1.061689 1  41              Rx   d 8 00 00 00 00 00 00 00 00
 1.061720 1  42C             Rx   d 8 80 02 00 00 00 00 00 00
 1.069546 1  23A             Rx   d 8 FF FF FF FF F0 00 00 00
 1.069699 1  430             Rx   d 8 00 00 00 00 FE 00 00 00
 1.069940 1  434             Rx   d 8 00 00 00 00 0F FF 00 10
 1.070186 1  435             Rx   d 8 00 00 00 00 00 00 00 00
 1.071885 1  242             Rx   d 8 FF FF 3F FF B6 00 03 01
 1.072134 1  3B5             Rx   d 8 FF FD FF FD FF FD FF FD
 1.074233 1  318             Rx   d 8 00 00 00 00 00 00 00 00
 1.074436 1  346             Rx   d 8 00 00 00 03 03 00 C0 00
 1.074675 1  348             Rx   d 8 00 00 00 01 00 00 00 00
 1.074922 1  430             Rx   d 8 40 00 40 9B 08 00 64 00
 1.075177 1  434             Rx   d 8 00 00 00 00 60 FF F0 00
 1.081268 1  41              Rx   d 8 00 00 00 00 00 00 00 00
 1.100918 1  41              Rx   d 8 00 00 00 00 00 00 00 00
 1.111648 1  242             Rx   d 8 FF FF 3F FF B6 00 03 01
 1.111789 1  3B3             Rx   d 8 44 8C C0 0C E6 00 03 3E
 1.112032 1  40A             Rx   d 8 C1 10 40 84 20 08 80 00
 1.112293 1  42C             Rx   d 8 80 02 00 00 00 00 00 00
 1.120533 1  41              Rx   d 8 00 00 00 00 00 00 00 00
 1.140172 1  41              Rx   d 8 00 00 00 00 00 00 00 00
 1.150624 1  242             Rx   d 8 FF FF 3F FF B6 00 03 01
 1.158229 1  7DF             Rx   d 8 02 01 03 00 00 00 00 00
 1.159818 1  41              Rx   d 8 00 00 00 00 00 00 00 00
 1.159971 1  42C             Rx   d 8 80 02 00 00 00 00 00 00
 1.169826 1  23A             Rx   d 8 FF FF FF FF F0 00 00 00
 1.169883 1  430             Rx   d 8 00 00 00 00 FE 00 00 00
 1.170106 1  434             Rx   d 8 00 00 00 00 0F FF 00 10
 1.170344 1  435             Rx   d 8 00 00 00 00 00 00 00 00
 1.174285 1  287             Rx   d 8 00 00 00 00 00 00 00 00
 1.174457 1  30A             Rx   d 8 85 00 00 00 00 00 00 00
 1.174711 1  318             Rx   d 8 00 00 00 00 00 00 00 00
 1.174963 1  346             Rx   d 8 00 00 00 03 03 00 C0 00
 1.175220 1  348             Rx   d 8 00 00 00 01 00 00 00 00
 1.175470 1  430             Rx   d 8 40 00 40 9B 08 00 64 00
 1.175728 1  434             Rx   d 8 00 00 00 00 60 FF F0 00
 1.179584 1  41              Rx   d 8 00 00 00 00 00 00 00 00
 1.189964 1  242             Rx   d 8 FF FF 3F FF B6 00 03 01
 1.199220 1  41              Rx   d 8 00 00 00 00 00 00 00 00
 1.209726 1  42C             Rx   d 8 80 02 00 00 00 00 00 00
 1.218801 1  41              Rx   d 8 00 00 00 00 00 00 00 00
 1.229389 1  242             Rx   d 8 FF FF 3F FF B6 00 03 01
 1.229417 1  331             Rx   d 8 C0 00 48 D0 02 00 00 00
 1.238506 1  41              Rx   d 8 00 00 00 00 00 00 00 00
 1.258151 1  41              Rx   d 8 00 00 00 00 00 00 00 00
 1.258366 1  3B6             Rx   d 8 0A 00 00 00 00 00 00 00
 1.258565 1  3B7             Rx   d 8 00 00 00 00 00 00 00 00
 1.258810 1  42C             Rx   d 8 80 02 00 00 00 00 00 00
 1.268731 1  242             Rx   d 8 FF FF 3F FF B6 00 03 01
 1.269899 1  23A             Rx   d 8 FF FF FF FF F0 00 00 00
 1.270084 1  430             Rx   d 8 00 00 00 00 FE 00 00 00
 1.270331 1  434             Rx   d 8 00 00 00 00 0F FF 00 10
 1.270596 1  435             Rx   d 8 00 00 00 00 00 00 00 00
 1.274366 1  318             Rx   d 8 00 00 00 00 00 00 00 00
 1.274525 1  346             Rx   d 8 00 00 00 03 03 00 C0 00
 1.274726 1  348             Rx   d 8 00 00 00 01 00 00 00 00
 1.275021 1  430             Rx   d 8 40 00 40 9B 08 00 64 00
 1.275254 1  434             Rx   d 8 00 00 00 00 60 FF F0 00
 1.277881 1  41              Rx   d 8 00 00 00 00 00 00 00 00
 1.297573 1  41              Rx   d 8 00 00 00 00 00 00 00 00
 1.308380 1  242             Rx   d 8 FF FF 3F FF B6 00 03 01
 1.308410 1  40A             Rx   d 8 C0 00 00 23 60 21 17 00
 1.308659 1  42C             Rx   d 8 80 02 00 00 00 00 00 00
 1.317112 1  41              Rx   d 8 00 00 00 00 00 00 00 00
 1.336949 1  41              Rx   d 8 00 00 00 00 00 00 00 00
 1.347219 1  242             Rx   d 8 FF FF 3F FF B6 00 03 01
 1.356392 1  41              Rx   d 8 00 00 00 00 00 00 00 00
 1.356542 1  42C             Rx   d 8 80 02 00 00 00 00 00 00
 1.369901 1  23A             Rx   d 8 FF FF FF FF F0 00 00 00
 1.369942 1  430             Rx   d 8 00 00 00 00 FE 00 00 00
 1.370130 1  434             Rx   d 8 00 00 00 00 0F FF 00 10
 1.370353 1  435             Rx   d 8 00 00 00 00 00 00 00 00
 1.374400 1  287             Rx   d 8 00 00 00 00 00 00 00 00
 1.374431 1  30A             Rx   d 8 85 00 00 00 00 00 00 00
 1.374716 1  318             Rx   d 8 00 00 00 00 00 00 00 00
 1.374953 1  346             Rx   d 8 00 00 00 03 03 00 C0 00
 1.375219 1  348             Rx   d 8 00 00 00 01 00 00 00 00
End TriggerBlock
