date Sun Mar 16 11:22:40.964 AM 2025
base hex  timestamps absolute
internal events logged
Begin Triggerblock Sun Mar 16 11:22:40.963 AM 2025
 0.000000 Start of measurement
 0.000000 1  204             Rx   d 8 00 00 FF 00 00 00 00 00
 0.004224 1  41              Rx   d 8 00 00 00 00 00 00 00 00
 0.009887 1  47              Rx   d 8 64 22 BC F4 3B 98 00 00
 0.010103 1  165             Rx   d 8 20 81 00 00 00 00 00 00
 0.010295 1  167             Rx   d 8 00 FF FF 00 00 02 0E 00
 0.010557 1  171             Rx   d 8 F0 E0 00 00 00 00 00 00
 0.010740 1  200             Rx   d 8 00 00 80 26 80 26 F0 00
 0.011013 1  202             Rx   d 8 00 CC 00 00 00 00 00 00
 0.011245 1  204             Rx   d 8 00 00 FF 00 00 00 00 00
 0.011501 1  230             Rx   d 8 F0 1C 00 00 00 00 00 00
 0.011731 1  42F             Rx   d 8 7D 02 05 4E 20 FF 00 00
 0.014523 1  242             Rx   d 8 FF FF 3F FF B6 00 03 01
 0.019755 1  167             Rx   d 8 00 FF FF 00 00 02 0E 00
 0.019976 1  204             Rx   d 8 00 00 FF 00 00 00 00 00
 0.023733 1  41              Rx   d 8 00 00 00 00 00 00 00 00
 0.023953 1  42C             Rx   d 8 80 02 00 00 00 00 00 00
 0.029843 1  47              Rx   d 8 64 22 BC F4 3B 98 00 00
 0.030014 1  165             Rx   d 8 20 81 00 00 00 00 00 00
 0.030235 1  167             Rx   d 8 00 FF FF 00 00 02 0E 00
 0.030528 1  200             Rx   d 8 00 00 80 26 80 26 F0 00
 0.030805 1  202             Rx   d 8 00 CC 00 00 00 00 00 00
 0.031016 1  204             Rx   d 8 00 00 FF 00 00 00 00 00
 0.031266 1  230             Rx   d 8 F0 1C 00 00 00 00 00 00
 0.040020 1  166             Rx   d 8 76 00 00 FF FF FF 00 00
 0.040067 1  167             Rx   d 8 00 FF FF 00 00 02 0E 00
 0.040344 1  171             Rx   d 8 F0 E0 00 00 00 00 00 00
 0.040545 1  204             Rx   d 8 00 00 FF 00 00 00 00 00
 0.040803 1  421             Rx   d 8 04 00 11 00 00 00 FF 00
 0.041006 1  424             Rx   d 8 00 00 00 03 00 00 00 00
 0.041249 1  42D             Rx   d 8 00 03 FF 00 00 00 F0 00
 0.041498 1  42F             Rx   d 8 7D 02 05 4E 20 FF 00 00
 0.041755 1  43D             Rx   d 8 14 00 21 00 00 00 00 00
 0.042008 1  43E             Rx   d 8 00 00 00 00 00 00 00 00
 0.043496 1  41              Rx   d 8 00 00 00 00 00 00 00 00
 0.050089 1  47              Rx   d 8 64 22 BC F4 3B 98 00 00
 0.050143 1  165             Rx   d 8 20 81 00 00 00 00 00 00
 0.050452 1  167             Rx   d 8 00 FF FF 00 00 02 0E 00
 0.050468 1  200             Rx   d 8 00 00 80 26 80 26 F0 00
 0.050808 1  202             Rx   d 8 00 CC 00 00 00 00 00 00
 0.051030 1  204             Rx   d 8 00 00 FF 00 00 00 00 00
 0.051303 1  230             Rx   d 8 F0 1C 00 00 00 00 00 00
 0.054172 1  242             Rx   d 8 FF FF 3F FF B6 00 03 01
 0.060035 1  167             Rx   d 8 00 FF FF 00 00 02 0E 00
 0.060077 1  204             Rx   d 8 00 00 FF 00 00 00 00 00
 0.063161 1  41              Rx   d 8 00 00 00 00 00 00 00 00
 0.070035 1  47              Rx   d 8 64 22 BC F4 3B 98 00 00
 0.070070 1  165             Rx   d 8 20 81 00 00 00 00 00 00
 0.070263 1  167             Rx   d 8 00 FF FF 00 00 02 0E 00
 0.070484 1  171             Rx   d 8 F0 E0 00 00 00 00 00 00
 0.070763 1  200             Rx   d 8 00 00 80 26 80 26 F0 00
 0.071019 1  202             Rx   d 8 00 CC 00 00 00 00 00 00
 0.071259 1  204             Rx   d 8 00 00 FF 00 00 00 00 00
 0.071506 1  230             Rx   d 8 F0 1C 00 00 00 00 00 00
 0.071754 1  42F             Rx   d 8 7D 02 05 4E 20 FF 00 00
 0.073706 1  3B6             Rx   d 8 0A 00 00 00 00 00 00 00
 0.073730 1  3B7             Rx   d 8 00 00 00 00 00 00 00 00
 0.074037 1  3B8             Rx   d 8 FF FF FF FF 00 00 00 00
 0.074258 1  42C             Rx   d 8 80 02 00 00 00 00 00 00
 0.080020 1  156             Rx   d 8 BA 00 00 00 00 00 00 00
 0.080056 1  167             Rx   d 8 00 FF FF 00 00 02 0E 00
 0.080278 1  178             Rx   d 8 00 00 02 00 02 54 CA 53
 0.080485 1  179             Rx   d 8 00 00 08 00 22 FF 00 00
 0.080777 1  17C             Rx   d 8 00 00 00 00 00 00 00 00
 0.081035 1  204             Rx   d 8 00 00 FF 00 00 00 00 00
 0.083013 1  41              Rx   d 8 00 00 00 00 00 00 00 00
 0.089886 1  47              Rx   d 8 64 22 BC F4 3B 98 00 00
 0.090080 1  165             Rx   d 8 20 81 00 00 00 00 00 00
 0.090237 1  167             Rx   d 8 00 FF FF 00 00 02 0E 00
 0.090478 1  200             Rx   d 8 00 00 80 26 80 26 F0 00
 0.090722 1  202             Rx   d 8 00 CC 00 00 00 00 00 00
 0.090967 1  204             Rx   d 8 00 00 FF 00 00 00 00 00
 0.091212 1  230             Rx   d 8 F0 1C 00 00 00 00 00 00
 0.091472 1  43D             Rx   d 8 14 00 21 00 00 00 00 00
 0.091767 1  43E             Rx   d 8 00 00 00 00 00 00 00 00
 0.093219 1  242             Rx   d 8 FF FF 3F FF B6 00 03 01
 0.100049 1  167             Rx   d 8 00 FF FF 00 00 02 0E 00
 0.100096 1  171             Rx   d 8 F0 E0 00 00 00 00 00 00
 0.100337 1  204             Rx   d 8 00 00 FF 00 00 00 00 00
 0.100518 1  42F             Rx   d 8 7D 02 05 4E 20 FF 00 00
 0.102558 1  41              Rx   d 8 00 00 00 00 00 00 00 00
 0.109969 1  47              Rx   d 8 64 22 BC F4 3B 98 00 00
 0.110006 1  165             Rx   d 8 20 81 00 00 00 00 00 00
 0.110249 1  167             Rx   d 8 00 FF FF 00 00 02 0E 00
 0.110483 1  200             Rx   d 8 00 00 80 26 80 26 F0 00
 0.110735 1  202             Rx   d 8 00 CC 00 00 00 00 00 00
 0.110988 1  204             Rx   d 8 00 00 FF 00 00 00 00 00
 0.111229 1  230             Rx   d 8 F0 1C 00 00 00 00 00 00
 0.120063 1  167             Rx   d 8 00 FF FF 00 00 02 0E 00
 0.120101 1  204             Rx   d 8 00 00 FF 00 00 00 00 00
 0.122345 1  41              Rx   d 8 00 00 00 00 00 00 00 00
 0.122377 1  42C             Rx   d 8 80 02 00 00 00 00 00 00
 0.129954 1  47              Rx   d 8 64 22 BC F4 3B 98 00 00
 0.129986 1  165             Rx   d 8 20 81 00 00 00 00 00 00
 0.130237 1  167             Rx   d 8 00 FF FF 00 00 02 0E 00
 0.130467 1  171             Rx   d 8 F0 E0 00 00 00 00 00 00
 0.130702 1  200             Rx   d 8 00 00 80 26 80 26 F0 00
 0.130955 1  202             Rx   d 8 00 CC 00 00 00 00 00 00
 0.131215 1  204             Rx   d 8 00 00 FF 00 00 00 00 00
 0.131447 1  230             Rx   d 8 F0 1C 00 00 00 00 00 00
 0.131683 1  42F             Rx   d 8 7D 02 05 4E 20 FF 00 00
 0.132383 1  242             Rx   d 8 FF FF 3F FF B6 00 03 01
 0.132619 1  3B5             Rx   d 8 FF FD FF FD FF FD FF FD
 0.139849 1  166             Rx   d 8 76 00 00 FF FF FF 00 00
 0.140010 1  167             Rx   d 8 00 FF FF 00 00 02 0E 00
 0.140231 1  204             Rx   d 8 00 00 FF 00 00 00 00 00
 0.140473 1  421             Rx   d 8 04 00 11 00 00 00 FF 00
 0.140773 1  424             Rx   d 8 00 00 00 03 00 00 00 00
 0.140998 1  42D             Rx   d 8 00 03 FF 00 00 00 F0 00
 0.141214 1  43D             Rx   d 8 14 00 21 00 00 00 00 00
 0.141471 1  43E             Rx   d 8 00 00 00 00 00 00 00 00
 0.141721 1  41              Rx   d 8 00 00 00 00 00 00 00 00
 0.149837 1  47              Rx   d 8 64 22 BC F4 3B 98 00 00
 0.149978 1  165             Rx   d 8 20 81 00 00 00 00 00 00
 0.150226 1  167             Rx   d 8 00 FF FF 00 00 02 0E 00
 0.150469 1  200             Rx   d 8 00 00 80 26 80 26 F0 00
 0.150712 1  202             Rx   d 8 00 CC 00 00 00 00 00 00
 0.150956 1  204             Rx   d 8 00 00 FF 00 00 00 00 00
 0.151210 1  230             Rx   d 8 F0 1C 00 00 00 00 00 00
 0.160036 1  167             Rx   d 8 00 FF FF 00 00 02 0E 00
 0.160072 1  171             Rx   d 8 F0 E0 00 00 00 00 00 00
 0.160275 1  204             Rx   d 8 00 00 FF 00 00 00 00 00
 0.160481 1  42F             Rx   d 8 7D 02 05 4E 20 FF 00 00
 0.161430 1  41              Rx   d 8 00 00 00 00 00 00 00 00
 0.169860 1  47              Rx   d 8 64 22 BC F4 3B 98 00 00
 0.170030 1  165             Rx   d 8 20 81 00 00 00 00 00 00
 0.170230 1  167             Rx   d 8 00 FF FF 00 00 02 0E 00
 0.170462 1  200             Rx   d 8 00 00 80 26 80 26 F0 00
 0.170711 1  202             Rx   d 8 00 CC 00 00 00 00 00 00
 0.170986 1  204             Rx   d 8 00 00 FF 00 00 00 00 00
 0.171256 1  230             Rx   d 8 F0 1C 00 00 00 00 00 00
 0.172103 1  242             Rx   d 8 FF FF 3F FF B6 00 03 01
 0.172294 1  3B3             Rx   d 8 44 8C C0 0C E6 00 03 3E
 0.172511 1  40A             Rx   d 8 C1 00 57 46 30 4A 58 58
 0.172789 1  42C             Rx   d 8 80 02 00 00 00 00 00 00
 0.179962 1  156             Rx   d 8 BA 00 00 00 00 00 00 00
 0.179998 1  167             Rx   d 8 00 FF FF 00 00 02 0E 00
 0.180232 1  178             Rx   d 8 00 00 02 00 02 54 CA 53
 0.180465 1  179             Rx   d 8 00 00 08 00 22 FF 00 00
 0.180727 1  17C             Rx   d 8 00 00 00 00 00 00 00 00
 0.180965 1  204             Rx   d 8 00 00 FF 00 00 00 00 00
 0.181233 1  41              Rx   d 8 00 00 00 00 00 00 00 00
 0.189997 1  47              Rx   d 8 64 22 BC F4 3B 98 00 00
 0.190041 1  165             Rx   d 8 20 81 00 00 00 00 00 00
 0.190284 1  167             Rx   d 8 00 FF FF 00 00 02 0E 00
 0.190495 1  171             Rx   d 8 F0 E0 00 00 00 00 00 00
 0.190738 1  200             Rx   d 8 00 00 80 26 80 26 F0 00
 0.190983 1  202             Rx   d 8 00 CC 00 00 00 00 00 00
 0.191252 1  204             Rx   d 8 00 00 FF 00 00 00 00 00
 0.191502 1  230             Rx   d 8 F0 1C 00 00 00 00 00 00
 0.191705 1  42F             Rx   d 8 7D 02 05 4E 20 FF 00 00
 0.191945 1  43D             Rx   d 8 14 00 21 00 00 00 00 00
 0.192202 1  43E             Rx   d 8 00 00 00 00 00 00 00 00
 0.199864 1  167             Rx   d 8 00 FF FF 00 00 02 0E 00
 0.200034 1  204             Rx   d 8 00 00 FF 00 00 00 00 00
 0.200779 1  41              Rx   d 8 00 00 00 00 00 00 00 00
 0.209822 1  47              Rx   d 8 64 22 BC F4 3B 98 00 00
 0.209976 1  165             Rx   d 8 20 81 00 00 00 00 00 00
 0.210204 1  167             Rx   d 8 00 FF FF 00 00 02 0E 00
 0.210442 1  200             Rx   d 8 00 00 80 26 80 26 F0 00
 0.210688 1  202             Rx   d 8 00 CC 00 00 00 00 00 00
 0.210935 1  204             Rx   d 8 00 00 FF 00 00 00 00 00
 0.211186 1  230             Rx   d 8 F0 1C 00 00 00 00 00 00
 0.211433 1  242             Rx   d 8 FF FF 3F FF B6 00 03 01
 0.219802 1  167             Rx   d 8 00 FF FF 00 00 02 0E 00
 0.219974 1  171             Rx   d 8 F0 E0 00 00 00 00 00 00
 0.220219 1  204             Rx   d 8 00 00 FF 00 00 00 00 00
 0.220465 1  41              Rx   d 8 00 00 00 00 00 00 00 00
 0.220731 1  42C             Rx   d 8 80 02 00 00 00 00 00 00
 0.220982 1  42F             Rx   d 8 7D 02 05 4E 20 FF 00 00
 0.229759 1  47              Rx   d 8 64 22 BC F4 3B 98 00 00
 0.229977 1  165             Rx   d 8 20 81 00 00 00 00 00 00
 0.230205 1  167             Rx   d 8 00 FF FF 00 00 02 0E 00
 0.230443 1  200             Rx   d 8 00 00 80 26 80 26 F0 00
 0.230692 1  202             Rx   d 8 00 CC 00 00 00 00 00 00
 0.230940 1  204             Rx   d 8 00 00 FF 00 00 00 00 00
 0.231193 1  230             Rx   d 8 F0 1C 00 00 00 00 00 00
 0.239864 1  166             Rx   d 8 76 00 00 FF FF FF 00 00
 0.240044 1  41              Rx   d 8 00 00 00 00 00 00 00 00
 0.240244 1  167             Rx   d 8 00 FF FF 00 00 02 0E 00
 0.240488 1  204             Rx   d 8 00 00 FF 00 00 00 00 00
 0.240738 1  421             Rx   d 8 04 00 11 00 00 00 FF 00
 0.240977 1  424             Rx   d 8 00 00 00 03 00 00 00 00
 0.241232 1  42D             Rx   d 8 00 03 FF 00 00 00 F0 00
 0.241478 1  43D             Rx   d 8 14 00 21 00 00 00 00 00
 0.241739 1  43E             Rx   d 8 00 00 00 00 00 00 00 00
 0.249863 1  47              Rx   d 8 64 22 BC F4 3B 98 00 00
 0.250114 1  165             Rx   d 8 20 81 00 00 00 00 00 00
 0.250236 1  167             Rx   d 8 00 FF FF 00 00 02 0E 00
 0.250448 1  171             Rx   d 8 F0 E0 00 00 00 00 00 00
 0.250688 1  200             Rx   d 8 00 00 80 26 80 26 F0 00
 0.250933 1  202             Rx   d 8 00 CC 00 00 00 00 00 00
 0.251190 1  204             Rx   d 8 00 00 FF 00 00 00 00 00
 0.251431 1  230             Rx   d 8 F0 1C 00 00 00 00 00 00
 0.251671 1  242             Rx   d 8 FF FF 3F FF B6 00 03 01
 0.251911 1  42F             Rx   d 8 7D 02 05 4E 20 FF 00 00
 0.259625 1  41              Rx   d 8 00 00 00 00 00 00 00 00
 0.259830 1  167             Rx   d 8 00 FF FF 00 00 02 0E 00
 0.260081 1  204             Rx   d 8 00 00 FF 00 00 00 00 00
 0.269787 1  47              Rx   d 8 64 22 BC F4 3B 98 00 00
 0.269969 1  165             Rx   d 8 20 81 00 00 00 00 00 00
 0.270213 1  167             Rx   d 8 00 FF FF 00 00 02 0E 00
 0.270472 1  200             Rx   d 8 00 00 80 26 80 26 F0 00
 0.270754 1  202             Rx   d 8 00 CC 00 00 00 00 00 00
 0.270957 1  204             Rx   d 8 00 00 FF 00 00 00 00 00
 0.271205 1  230             Rx   d 8 F0 1C 00 00 00 00 00 00
 0.271448 1  42C             Rx   d 8 80 02 00 00 00 00 00 00
 0.279398 1  41              Rx   d 8 00 00 00 00 00 00 00 00
 0.279755 1  156             Rx   d 8 BA 00 00 00 00 00 00 00
 0.279989 1  167             Rx   d 8 00 FF FF 00 00 02 0E 00
 0.280232 1  171             Rx   d 8 F0 E0 00 00 00 00 00 00
 0.280471 1  178             Rx   d 8 00 00 02 00 02 54 CA 53
 0.280702 1  179             Rx   d 8 00 00 08 00 22 FF 00 00
 0.280953 1  17C             Rx   d 8 00 00 00 00 00 00 00 00
 0.281217 1  204             Rx   d 8 00 00 FF 00 00 00 00 00
 0.281442 1  42F             Rx   d 8 7D 02 05 4E 20 FF 00 00
 0.290027 1  242             Rx   d 8 FF FF 3F FF B6 00 03 01
 0.290065 1  47              Rx   d 8 64 22 BC F4 3B 98 00 00
 0.290218 1  165             Rx   d 8 20 81 00 00 00 00 00 00
 0.290437 1  167             Rx   d 8 00 FF FF 00 00 02 0E 00
 0.290653 1  200             Rx   d 8 00 00 80 26 80 26 F0 00
 0.290896 1  202             Rx   d 8 00 CC 00 00 00 00 00 00
 0.291172 1  204             Rx   d 8 00 00 FF 00 00 00 00 00
 0.291391 1  230             Rx   d 8 F0 1C 00 00 00 00 00 00
 0.291643 1  43D             Rx   d 8 14 00 21 00 00 00 00 00
 0.291890 1  43E             Rx   d 8 00 00 00 00 00 00 00 00
 0.299119 1  41              Rx   d 8 00 00 00 00 00 00 00 00
 0.299784 1  167             Rx   d 8 00 FF FF 00 00 02 0E 00
 0.299990 1  204             Rx   d 8 00 00 FF 00 00 00 00 00
 0.309954 1  47              Rx   d 8 64 22 BC F4 3B 98 00 00
 0.309990 1  165             Rx   d 8 20 81 00 00 00 00 00 00
 0.310250 1  167             Rx   d 8 00 FF FF 00 00 02 0E 00
 0.310480 1  171             Rx   d 8 F0 E0 00 00 00 00 00 00
 0.310718 1  200             Rx   d 8 00 00 80 26 80 26 F0 00
 0.310953 1  202             Rx   d 8 00 CC 00 00 00 00 00 00
 0.311235 1  204             Rx   d 8 00 00 FF 00 00 00 00 00
 0.311445 1  230             Rx   d 8 F0 1C 00 00 00 00 00 00
 0.311695 1  42F             Rx   d 8 7D 02 05 4E 20 FF 00 00
 0.319099 1  41              Rx   d 8 00 00 00 00 00 00 00 00
 0.319138 1  3B6             Rx   d 8 0A 00 00 00 00 00 00 00
 0.319143 1  3B7             Rx   d 8 00 00 00 00 00 00 00 00
 0.319395 1  42C             Rx   d 8 80 02 00 00 00 00 00 00
 0.319800 1  167             Rx   d 8 00 FF FF 00 00 02 0E 00
 0.320021 1  204             Rx   d 8 00 00 FF 00 00 00 00 00
 0.329169 1  242             Rx   d 8 FF FF 3F FF B6 00 03 01
 0.329783 1  47              Rx   d 8 64 22 BC F4 3B 98 00 00
 0.329967 1  165             Rx   d 8 20 81 00 00 00 00 00 00
 0.330227 1  167             Rx   d 8 00 FF FF 00 00 02 0E 00
 0.330462 1  200             Rx   d 8 00 00 80 26 80 26 F0 00
 0.330707 1  202             Rx   d 8 00 CC 00 00 00 00 00 00
 0.330960 1  204             Rx   d 8 00 00 FF 00 00 00 00 00
 0.331219 1  230             Rx   d 8 F0 1C 00 00 00 00 00 00
 0.338391 1  41              Rx   d 8 00 00 00 00 00 00 00 00
 0.339845 1  166             Rx   d 8 76 00 00 FF FF FF 00 00
 0.340009 1  167             Rx   d 8 00 FF FF 00 00 02 0E 00
 0.340223 1  171             Rx   d 8 F0 E0 00 00 00 00 00 00
 0.340502 1  204             Rx   d 8 00 00 FF 00 00 00 00 00
 0.340752 1  421             Rx   d 8 04 00 11 00 00 00 FF 00
 0.340969 1  424             Rx   d 8 00 00 00 03 00 00 00 00
 0.341246 1  42D             Rx   d 8 00 03 FF 00 00 00 F0 00
 0.341470 1  42F             Rx   d 8 7D 02 05 4E 20 FF 00 00
 0.341852 1  43D             Rx   d 8 14 00 21 00 00 00 00 00
 0.342023 1  43E             Rx   d 8 00 00 00 00 00 00 00 00
 0.349980 1  47              Rx   d 8 64 22 BC F4 3B 98 00 00
 0.350013 1  165             Rx   d 8 20 81 00 00 00 00 00 00
 0.350255 1  167             Rx   d 8 00 FF FF 00 00 02 0E 00
 0.350455 1  200             Rx   d 8 00 00 80 26 80 26 F0 00
 0.350753 1  202             Rx   d 8 00 CC 00 00 00 00 00 00
 0.351031 1  204             Rx   d 8 00 00 FF 00 00 00 00 00
 0.351217 1  230             Rx   d 8 F0 1C 00 00 00 00 00 00
 0.358109 1  41              Rx   d 8 00 00 00 00 00 00 00 00
 0.360015 1  167             Rx   d 8 00 FF FF 00 00 02 0E 00
 0.360053 1  204             Rx   d 8 00 00 FF 00 00 00 00 00
 0.368946 1  242             Rx   d 8 FF FF 3F FF B6 00 03 01
 0.368975 1  40A             Rx   d 8 C1 01 47 41 48 4A 48 45
 0.369177 1  42C             Rx   d 8 80 02 00 00 00 00 00 00
 0.369770 1  47              Rx   d 8 64 22 BC F4 3B 98 00 00
 0.369977 1  165             Rx   d 8 20 81 00 00 00 00 00 00
 0.370220 1  167             Rx   d 8 00 FF FF 00 00 02 0E 00
 0.370456 1  171             Rx   d 8 F0 E0 00 00 00 00 00 00
 0.370714 1  200             Rx   d 8 00 00 80 26 80 26 F0 00
 0.370951 1  202             Rx   d 8 00 CC 00 00 00 00 00 00
 0.371202 1  204             Rx   d 8 00 00 FF 00 00 00 00 00
 0.371474 1  230             Rx   d 8 F0 1C 00 00 00 00 00 00
 0.371693 1  42F             Rx   d 8 7D 02 05 4E 20 FF 00 00
 0.377889 1  41              Rx   d 8 00 00 00 00 00 00 00 00
 0.379837 1  156             Rx   d 8 BA 00 00 00 00 00 00 00
 0.379986 1  167             Rx   d 8 00 FF FF 00 00 02 0E 00
 0.380227 1  178             Rx   d 8 00 00 02 00 02 54 CA 53
 0.380462 1  179             Rx   d 8 00 00 08 00 22 FF 00 00
 0.380721 1  17C             Rx   d 8 00 00 00 00 00 00 00 00
 0.380969 1  204             Rx   d 8 00 00 FF 00 00 00 00 00
 0.389843 1  47              Rx   d 8 64 22 BC F4 3B 98 00 00
 0.389998 1  165             Rx   d 8 20 81 00 00 00 00 00 00
 0.390211 1  167             Rx   d 8 00 FF FF 00 00 02 0E 00
 0.390442 1  200             Rx   d 8 00 00 80 26 80 26 F0 00
 0.390693 1  202             Rx   d 8 00 CC 00 00 00 00 00 00
 0.390954 1  204             Rx   d 8 00 00 FF 00 00 00 00 00
 0.399804 1  167             Rx   d 8 00 FF FF 00 00 02 0E 00
 0.417001 1  41              Rx   d 8 00 00 00 00 00 00 00 00
 0.436672 1  41              Rx   d 8 00 00 00 00 00 00 00 00
 0.456334 1  41              Rx   d 8 00 00 00 00 00 00 00 00
 0.470237 1  167             Rx   d 8 00 FF FF 00 00 02 0E 00
 0.486480 1  242             Rx   d 8 FF FF 3F FF B6 00 03 01
 0.509822 1  47              Rx   d 8 64 22 BC F4 3B 98 00 00
 0.519976 1  167             Rx   d 8 00 FF FF 00 00 02 0E 00
 0.539791 1  166             Rx   d 8 76 00 00 FF FF FF 00 00
 0.549839 1  47              Rx   d 8 64 22 BC F4 3B 98 00 00
 0.567864 1  43C             Rx   d 8 B2 00 4B 2C 3C 99 88 14
 0.589875 1  47              Rx   d 8 64 22 BC F4 3B 98 00 00
 0.604514 1  242             Rx   d 8 FF FF 3F FF B6 00 03 01
 0.619836 1  167             Rx   d 8 00 FF FF 00 00 02 0E 00
 0.633192 1  41              Rx   d 8 00 00 00 00 00 00 00 00
 0.652922 1  41              Rx   d 8 00 00 00 00 00 00 00 00
 0.669866 1  47              Rx   d 8 64 22 BC F4 3B 98 00 00
 0.689788 1  47              Rx   d 8 64 22 BC F4 3B 98 00 00
 0.699867 1  167             Rx   d 8 00 FF FF 00 00 02 0E 00
 0.719894 1  167             Rx   d 8 00 FF FF 00 00 02 0E 00
 0.730720 1  200             Rx   d 8 00 00 80 26 80 26 F0 00
 0.749878 1  47              Rx   d 8 64 22 BC F4 3B 98 00 00
 0.762013 1  242             Rx   d 8 FF FF 3F FF B6 00 03 01
 0.779982 1  156             Rx   d 8 BA 00 00 00 00 00 00 00
 0.799798 1  167             Rx   d 8 00 FF FF 00 00 02 0E 00
 0.819964 1  167             Rx   d 8 00 FF FF 00 00 02 0E 00
 0.839809 1  166             Rx   d 8 76 00 00 FF FF FF 00 00
 0.850467 1  171             Rx   d 8 F0 E0 00 00 00 00 00 00
 0.869110 1  41              Rx   d 8 00 00 00 00 00 00 00 00
 0.881257 1  204             Rx   d 8 00 00 FF 00 00 00 00 00
 0.899889 1  167             Rx   d 8 00 FF FF 00 00 02 0E 00
 0.919075 1  242             Rx   d 8 FF FF 3F FF B6 00 03 01
 0.930454 1  200             Rx   d 8 00 00 80 26 80 26 F0 00
 0.949759 1  47              Rx   d 8 64 22 BC F4 3B 98 00 00
 0.967471 1  41              Rx   d 8 00 00 00 00 00 00 00 00
 0.979862 1  156             Rx   d 8 BA 00 00 00 00 00 00 00
 0.997769 1  242             Rx   d 8 FF FF 3F FF B6 00 03 01
 1.010470 1  200             Rx   d 8 00 00 80 26 80 26 F0 00
 1.029805 1  47              Rx   d 8 64 22 BC F4 3B 98 00 00
 1.046237 1  41              Rx   d 8 00 00 00 00 00 00 00 00
 1.065644 1  41              Rx   d 8 00 00 00 00 00 00 00 00
 1.080754 1  17C             Rx   d 8 00 00 00 00 00 00 00 00
 1.099790 1  167             Rx   d 8 00 FF FF 00 00 02 0E 00
 1.119872 1  167             Rx   d 8 00 FF FF 00 00 02 0E 00
 1.139833 1  166             Rx   d 8 76 00 00 FF FF FF 00 00
 1.149837 1  47              Rx   d 8 64 22 BC F4 3B 98 00 00
 1.169775 1  47              Rx   d 8 64 22 BC F4 3B 98 00 00
 1.190021 1  47              Rx   d 8 64 22 BC F4 3B 98 00 00
 1.203392 1  41              Rx   d 8 00 00 00 00 00 00 00 00
 1.219855 1  167             Rx   d 8 00 FF FF 00 00 02 0E 00
 1.233486 1  242             Rx   d 8 FF FF 3F FF B6 00 03 01
 1.250977 1  204             Rx   d 8 00 00 FF 00 00 00 00 00
 1.269989 1  47              Rx   d 8 64 22 BC F4 3B 98 00 00
 1.281976 1  41              Rx   d 8 00 00 00 00 00 00 00 00
 1.299974 1  167             Rx   d 8 00 FF FF 00 00 02 0E 00
 1.319828 1  167             Rx   d 8 00 FF FF 00 00 02 0E 00
 1.340013 1  166             Rx   d 8 76 00 00 FF FF FF 00 00
 1.359819 1  167             Rx   d 8 00 FF FF 00 00 02 0E 00
 1.370458 1  200             Rx   d 8 00 00 80 26 80 26 F0 00
 1.389837 1  47              Rx   d 8 64 22 BC F4 3B 98 00 00
 1.409940 1  47              Rx   d 8 64 22 BC F4 3B 98 00 00
 1.419761 1  41              Rx   d 8 00 00 00 00 00 00 00 00
 1.439340 1  41              Rx   d 8 00 00 00 00 00 00 00 00
 1.450959 1  202             Rx   d 8 00 CC 00 00 00 00 00 00
 1.469293 1  242             Rx   d 8 FF FF 3F FF B6 00 03 01
 1.489944 1  47              Rx   d 8 64 22 BC F4 3B 98 00 00
 1.508815 1  242             Rx   d 8 FF FF 3F FF B6 00 03 01
 1.529840 1  47              Rx   d 8 64 22 BC F4 3B 98 00 00
 1.539972 1  167             Rx   d 8 00 FF FF 00 00 02 0E 00
 1.557401 1  41              Rx   d 8 00 00 00 00 00 00 00 00
 1.576912 1  41              Rx   d 8 00 00 00 00 00 00 00 00
 1.596805 1  41              Rx   d 8 00 00 00 00 00 00 00 00
 1.611210 1  230             Rx   d 8 F0 1C 00 00 00 00 00 00
 1.629762 1  47              Rx   d 8 64 22 BC F4 3B 98 00 00
 1.646573 1  3B3             Rx   d 8 44 8C C0 0C E6 00 03 3E
 1.665886 1  242             Rx   d 8 FF FF 3F FF B6 00 03 01
 1.689811 1  47              Rx   d 8 64 22 BC F4 3B 98 00 00
 1.699805 1  167             Rx   d 8 00 FF FF 00 00 02 0E 00
 1.719952 1  167             Rx   d 8 00 FF FF 00 00 02 0E 00
 1.739855 1  166             Rx   d 8 76 00 00 FF FF FF 00 00
 1.754093 1  41              Rx   d 8 00 00 00 00 00 00 00 00
 1.770696 1  202             Rx   d 8 00 CC 00 00 00 00 00 00
 1.789947 1  47              Rx   d 8 64 22 BC F4 3B 98 00 00
 1.809770 1  47              Rx   d 8 64 22 BC F4 3B 98 00 00
 1.829981 1  47              Rx   d 8 64 22 BC F4 3B 98 00 00
 1.843024 1  42C             Rx   d 8 80 02 00 00 00 00 00 00
 1.862796 1  242             Rx   d 8 FF FF 3F FF B6 00 03 01
 1.879870 1  156             Rx   d 8 BA 00 00 00 00 00 00 00
 1.890222 1  167             Rx   d 8 00 FF FF 00 00 02 0E 00
 1.919807 1  167             Rx   d 8 00 FF FF 00 00 02 0E 00
 1.931730 1  230             Rx   d 8 F0 1C 00 00 00 00 00 00
 1.950701 1  202             Rx   d 8 00 CC 00 00 00 00 00 00
 1.969867 1  47              Rx   d 8 64 22 BC F4 3B 98 00 00
 1.989714 1  41              Rx   d 8 00 00 00 00 00 00 00 00
 2.009376 1  41              Rx   d 8 00 00 00 00 00 00 00 00
 2.028986 1  41              Rx   d 8 00 00 00 00 00 00 00 00
 2.039644 1  3B6             Rx   d 8 0A 00 00 00 00 00 00 00
 2.059272 1  242             Rx   d 8 FF FF 3F FF B6 00 03 01
 2.079831 1  156             Rx   d 8 BA 00 00 00 00 00 00 00
 2.088213 1  41              Rx   d 8 00 00 00 00 00 00 00 00
 2.107561 1  41              Rx   d 8 00 00 00 00 00 00 00 00
 2.127337 1  41              Rx   d 8 00 00 00 00 00 00 00 00
 2.138197 1  242             Rx   d 8 FF FF 3F FF B6 00 03 01
 2.159968 1  167             Rx   d 8 00 FF FF 00 00 02 0E 00
 2.177167 1  242             Rx   d 8 FF FF 3F FF B6 00 03 01
 2.189993 1  165             Rx   d 8 20 81 00 00 00 00 00 00
 2.209846 1  47              Rx   d 8 64 22 BC F4 3B 98 00 00
 2.225553 1  41              Rx   d 8 00 00 00 00 00 00 00 00
 2.236368 1  42C             Rx   d 8 80 02 00 00 00 00 00 00
 2.249814 1  47              Rx   d 8 64 22 BC F4 3B 98 00 00
 2.264874 1  41              Rx   d 8 00 00 00 00 00 00 00 00
 2.284770 1  41              Rx   d 8 00 00 00 00 00 00 00 00
 2.299822 1  167             Rx   d 8 00 FF FF 00 00 02 0E 00
 2.319962 1  167             Rx   d 8 00 FF FF 00 00 02 0E 00
 2.334732 1  242             Rx   d 8 FF FF 3F FF B6 00 03 01
 2.343730 1  41              Rx   d 8 00 00 00 00 00 00 00 00
 2.363233 1  41              Rx   d 8 00 00 00 00 00 00 00 00
 2.379836 1  156             Rx   d 8 BA 00 00 00 00 00 00 00
 2.399807 1  167             Rx   d 8 00 FF FF 00 00 02 0E 00
 2.419866 1  167             Rx   d 8 00 FF FF 00 00 02 0E 00
 2.429845 1  47              Rx   d 8 64 22 BC F4 3B 98 00 00
 2.449790 1  47              Rx   d 8 64 22 BC F4 3B 98 00 00
 2.469831 1  47              Rx   d 8 64 22 BC F4 3B 98 00 00
 2.480968 1  204             Rx   d 8 00 00 FF 00 00 00 00 00
 2.499968 1  167             Rx   d 8 00 FF FF 00 00 02 0E 00
 2.517185 1  581             Rx   d 8 81 00 FF FF FF FF FF FF
 2.529842 1  47              Rx   d 8 64 22 BC F4 3B 98 00 00
 2.549801 1  47              Rx   d 8 64 22 BC F4 3B 98 00 00
 2.569926 1  47              Rx   d 8 64 22 BC F4 3B 98 00 00
 2.579665 1  41              Rx   d 8 00 00 00 00 00 00 00 00
 2.599323 1  41              Rx   d 8 00 00 00 00 00 00 00 00
 2.618973 1  41              Rx   d 8 00 00 00 00 00 00 00 00
 2.630674 1  200             Rx   d 8 00 00 80 26 80 26 F0 00
 2.649153 1  242             Rx   d 8 FF FF 3F FF B6 00 03 01
 2.669799 1  47              Rx   d 8 64 22 BC F4 3B 98 00 00
 2.688382 1  242             Rx   d 8 FF FF 3F FF B6 00 03 01
 2.709937 1  47              Rx   d 8 64 22 BC F4 3B 98 00 00
 2.727997 1  242             Rx   d 8 FF FF 3F FF B6 00 03 01
 2.736778 1  41              Rx   d 8 00 00 00 00 00 00 00 00
 2.756675 1  41              Rx   d 8 00 00 00 00 00 00 00 00
 2.766897 1  242             Rx   d 8 FF FF 3F FF B6 00 03 01
 2.786167 1  331             Rx   d 8 C0 00 49 44 02 00 00 00
 2.796046 1  41              Rx   d 8 00 00 00 00 00 00 00 00
 2.815458 1  41              Rx   d 8 00 00 00 00 00 00 00 00
 2.835336 1  41              Rx   d 8 00 00 00 00 00 00 00 00
 2.850691 1  202             Rx   d 8 00 CC 00 00 00 00 00 00
 2.869964 1  47              Rx   d 8 64 22 BC F4 3B 98 00 00
 2.884920 1  242             Rx   d 8 FF FF 3F FF B6 00 03 01
 2.899807 1  167             Rx   d 8 00 FF FF 00 00 02 0E 00
 2.919806 1  167             Rx   d 8 00 FF FF 00 00 02 0E 00
 2.939973 1  166             Rx   d 8 76 00 00 FF FF FF 00 00
 2.953304 1  41              Rx   d 8 00 00 00 00 00 00 00 00
 2.969814 1  47              Rx   d 8 64 22 BC F4 3B 98 00 00
 2.989935 1  47              Rx   d 8 64 22 BC F4 3B 98 00 00
 3.003020 1  242             Rx   d 8 FF FF 3F FF B6 00 03 01
 3.019999 1  167             Rx   d 8 00 FF FF 00 00 02 0E 00
 3.039780 1  166             Rx   d 8 76 00 00 FF FF FF 00 00
 3.049834 1  47              Rx   d 8 64 22 BC F4 3B 98 00 00
 3.069803 1  47              Rx   d 8 64 22 BC F4 3B 98 00 00
 3.089842 1  47              Rx   d 8 64 22 BC F4 3B 98 00 00
 3.109829 1  47              Rx   d 8 64 22 BC F4 3B 98 00 00
 3.121606 1  40A             Rx   d 8 C1 04 01 8A 07 54 85 41
 3.139951 1  166             Rx   d 8 76 00 00 FF FF FF 00 00
 3.159828 1  167             Rx   d 8 00 FF FF 00 00 02 0E 00
 3.179818 1  156             Rx   d 8 BA 00 00 00 00 00 00 00
 3.199742 1  242             Rx   d 8 FF FF 3F FF B6 00 03 01
 3.210476 1  200             Rx   d 8 00 00 80 26 80 26 F0 00
 3.228207 1  41              Rx   d 8 00 00 00 00 00 00 00 00
 3.248158 1  41              Rx   d 8 00 00 00 00 00 00 00 00
 3.267548 1  41              Rx   d 8 00 00 00 00 00 00 00 00
 3.280951 1  17C             Rx   d 8 00 00 00 00 00 00 00 00
 3.299814 1  167             Rx   d 8 00 FF FF 00 00 02 0E 00
 3.317924 1  242             Rx   d 8 FF FF 3F FF B6 00 03 01
 3.339779 1  166             Rx   d 8 76 00 00 FF FF FF 00 00
 3.356896 1  242             Rx   d 8 FF FF 3F FF B6 00 03 01
 3.365835 1  41              Rx   d 8 00 00 00 00 00 00 00 00
 3.385759 1  41              Rx   d 8 00 00 00 00 00 00 00 00
 3.405232 1  41              Rx   d 8 00 00 00 00 00 00 00 00
 3.419767 1  167             Rx   d 8 00 FF FF 00 00 02 0E 00
 3.439818 1  166             Rx   d 8 76 00 00 FF FF FF 00 00
 3.459931 1  167             Rx   d 8 00 FF FF 00 00 02 0E 00
 3.474947 1  242             Rx   d 8 FF FF 3F FF B6 00 03 01
 3.489748 1  47              Rx   d 8 64 22 BC F4 3B 98 00 00
 3.509920 1  47              Rx   d 8 64 22 BC F4 3B 98 00 00
 3.529793 1  47              Rx   d 8 64 22 BC F4 3B 98 00 00
 3.543101 1  41              Rx   d 8 00 00 00 00 00 00 00 00
 3.562533 1  41              Rx   d 8 00 00 00 00 00 00 00 00
 3.579970 1  156             Rx   d 8 BA 00 00 00 00 00 00 00
 3.592609 1  242             Rx   d 8 FF FF 3F FF B6 00 03 01
 3.609837 1  47              Rx   d 8 64 22 BC F4 3B 98 00 00
 3.629785 1  47              Rx   d 8 64 22 BC F4 3B 98 00 00
 3.649846 1  47              Rx   d 8 64 22 BC F4 3B 98 00 00
 3.659831 1  167             Rx   d 8 00 FF FF 00 00 02 0E 00
 3.679806 1  156             Rx   d 8 BA 00 00 00 00 00 00 00
 3.699942 1  167             Rx   d 8 00 FF FF 00 00 02 0E 00
 3.711662 1  40A             Rx   d 8 C1 00 57 46 30 4A 58 58
 3.729926 1  47              Rx   d 8 64 22 BC F4 3B 98 00 00
 3.749752 1  47              Rx   d 8 64 22 BC F4 3B 98 00 00
 3.759331 1  41              Rx   d 8 00 00 00 00 00 00 00 00
 3.778844 1  41              Rx   d 8 00 00 00 00 00 00 00 00
 3.798647 1  41              Rx   d 8 00 00 00 00 00 00 00 00
 3.818122 1  41              Rx   d 8 00 00 00 00 00 00 00 00
 3.837953 1  41              Rx   d 8 00 00 00 00 00 00 00 00
 3.849802 1  47              Rx   d 8 64 22 BC F4 3B 98 00 00
 3.867831 1  242             Rx   d 8 FF FF 3F FF B6 00 03 01
 3.877221 1  41              Rx   d 8 00 00 00 00 00 00 00 00
 3.896878 1  41              Rx   d 8 00 00 00 00 00 00 00 00
 3.910686 1  200             Rx   d 8 00 00 80 26 80 26 F0 00
 3.929789 1  47              Rx   d 8 64 22 BC F4 3B 98 00 00
 3.946722 1  242             Rx   d 8 FF FF 3F FF B6 00 03 01
 3.969799 1  47              Rx   d 8 64 22 BC F4 3B 98 00 00
 3.986018 1  242             Rx   d 8 FF FF 3F FF B6 00 03 01
 4.005548 1  3B6             Rx   d 8 0A 00 00 00 00 00 00 00
 4.019778 1  167             Rx   d 8 00 FF FF 00 00 02 0E 00
 4.039788 1  166             Rx   d 8 76 00 00 FF FF FF 00 00
 4.054347 1  42C             Rx   d 8 80 02 00 00 00 00 00 00
 4.073736 1  41              Rx   d 8 00 00 00 00 00 00 00 00
 4.090188 1  167             Rx   d 8 00 FF FF 00 00 02 0E 00
 4.109843 1  47              Rx   d 8 64 22 BC F4 3B 98 00 00
 4.129802 1  47              Rx   d 8 64 22 BC F4 3B 98 00 00
 4.149805 1  47              Rx   d 8 64 22 BC F4 3B 98 00 00
 4.169842 1  47              Rx   d 8 64 22 BC F4 3B 98 00 00
 4.189780 1  47              Rx   d 8 64 22 BC F4 3B 98 00 00
 4.209981 1  47              Rx   d 8 64 22 BC F4 3B 98 00 00
 4.221872 1  242             Rx   d 8 FF FF 3F FF B6 00 03 01
 4.239781 1  166             Rx   d 8 76 00 00 FF FF FF 00 00
 4.259805 1  167             Rx   d 8 00 FF FF 00 00 02 0E 00
 4.279821 1  156             Rx   d 8 BA 00 00 00 00 00 00 00
 4.299790 1  167             Rx   d 8 00 FF FF 00 00 02 0E 00
 4.309705 1  47              Rx   d 8 64 22 BC F4 3B 98 00 00
 4.329249 1  41              Rx   d 8 00 00 00 00 00 00 00 00
 4.349075 1  41              Rx   d 8 00 00 00 00 00 00 00 00
 4.368612 1  41              Rx   d 8 00 00 00 00 00 00 00 00
 4.388344 1  41              Rx   d 8 00 00 00 00 00 00 00 00
 4.399271 1  42C             Rx   d 8 80 02 00 00 00 00 00 00
 4.418419 1  242             Rx   d 8 FF FF 3F FF B6 00 03 01
 4.430214 1  167             Rx   d 8 00 FF FF 00 00 02 0E 00
 4.447366 1  41              Rx   d 8 00 00 00 00 00 00 00 00
 4.466857 1  41              Rx   d 8 00 00 00 00 00 00 00 00
 4.479966 1  156             Rx   d 8 BA 00 00 00 00 00 00 00
 4.497506 1  242             Rx   d 8 FF FF 3F FF B6 00 03 01
 4.509964 1  47              Rx   d 8 64 22 BC F4 3B 98 00 00
 4.529755 1  47              Rx   d 8 64 22 BC F4 3B 98 00 00
 4.546084 1  42C             Rx   d 8 80 02 00 00 00 00 00 00
 4.565027 1  41              Rx   d 8 00 00 00 00 00 00 00 00
 4.585006 1  41              Rx   d 8 00 00 00 00 00 00 00 00
 4.595570 1  3B3             Rx   d 8 44 8C C0 0C E6 00 03 3E
 4.614977 1  242             Rx   d 8 FF FF 3F FF B6 00 03 01
 4.629970 1  165             Rx   d 8 20 81 00 00 00 00 00 00
 4.649774 1  47              Rx   d 8 64 22 BC F4 3B 98 00 00
 4.669791 1  47              Rx   d 8 64 22 BC F4 3B 98 00 00
 4.683218 1  41              Rx   d 8 00 00 00 00 00 00 00 00
 4.702977 1  41              Rx   d 8 00 00 00 00 00 00 00 00
 4.719772 1  167             Rx   d 8 00 FF FF 00 00 02 0E 00
 4.739915 1  166             Rx   d 8 76 00 00 FF FF FF 00 00
 4.759852 1  167             Rx   d 8 00 FF FF 00 00 02 0E 00
 4.772329 1  242             Rx   d 8 FF FF 3F FF B6 00 03 01
 4.790426 1  200             Rx   d 8 00 00 80 26 80 26 F0 00
 4.809893 1  47              Rx   d 8 64 22 BC F4 3B 98 00 00
 4.829746 1  47              Rx   d 8 64 22 BC F4 3B 98 00 00
 4.849923 1  47              Rx   d 8 64 22 BC F4 3B 98 00 00
 4.869782 1  47              Rx   d 8 64 22 BC F4 3B 98 00 00
 4.879815 1  156             Rx   d 8 BA 00 00 00 00 00 00 00
 4.899506 1  41              Rx   d 8 00 00 00 00 00 00 00 00
 4.919183 1  41              Rx   d 8 00 00 00 00 00 00 00 00
 4.938740 1  41              Rx   d 8 00 00 00 00 00 00 00 00
 4.949785 1  47              Rx   d 8 64 22 BC F4 3B 98 00 00
 4.968843 1  242             Rx   d 8 FF FF 3F FF B6 00 03 01
 4.988782 1  3B6             Rx   d 8 0A 00 00 00 00 00 00 00
 4.999768 1  167             Rx   d 8 00 FF FF 00 00 02 0E 00
 5.029790 1  47              Rx   d 8 64 22 BC F4 3B 98 00 00
 5.041573 1  43E             Rx   d 8 00 00 00 00 00 00 00 00
 5.047858 1  242             Rx   d 8 FF FF 3F FF B6 00 03 01
 5.047894 1  3B5             Rx   d 8 FF FD FF FD FF FD FF FD
 5.049781 1  47              Rx   d 8 64 22 BC F4 3B 98 00 00
 5.069952 1  47              Rx   d 8 64 22 BC F4 3B 98 00 00
 5.079976 1  156             Rx   d 8 BA 00 00 00 00 00 00 00
 5.087308 1  242             Rx   d 8 FF FF 3F FF B6 00 03 01
 5.099815 1  167             Rx   d 8 00 FF FF 00 00 02 0E 00
 5.129940 1  47              Rx   d 8 64 22 BC F4 3B 98 00 00
 5.149796 1  47              Rx   d 8 64 22 BC F4 3B 98 00 00
 5.169798 1  47              Rx   d 8 64 22 BC F4 3B 98 00 00
 5.179822 1  156             Rx   d 8 BA 00 00 00 00 00 00 00
 5.199714 1  167             Rx   d 8 00 FF FF 00 00 02 0E 00
 5.219775 1  167             Rx   d 8 00 FF FF 00 00 02 0E 00
 5.229713 1  47              Rx   d 8 64 22 BC F4 3B 98 00 00
 5.244152 1  242             Rx   d 8 FF FF 3F FF B6 00 03 01
 5.259747 1  167             Rx   d 8 00 FF FF 00 00 02 0E 00
 5.279982 1  156             Rx   d 8 BA 00 00 00 00 00 00 00
 5.289953 1  47              Rx   d 8 64 22 BC F4 3B 98 00 00
 5.299811 1  167             Rx   d 8 00 FF FF 00 00 02 0E 00
 5.319923 1  167             Rx   d 8 00 FF FF 00 00 02 0E 00
 5.339816 1  166             Rx   d 8 76 00 00 FF FF FF 00 00
 5.349992 1  47              Rx   d 8 64 22 BC F4 3B 98 00 00
 5.369969 1  47              Rx   d 8 64 22 BC F4 3B 98 00 00
 5.389945 1  47              Rx   d 8 64 22 BC F4 3B 98 00 00
 5.401547 1  242             Rx   d 8 FF FF 3F FF B6 00 03 01
 5.419826 1  167             Rx   d 8 00 FF FF 00 00 02 0E 00
 5.439770 1  166             Rx   d 8 76 00 00 FF FF FF 00 00
 5.459975 1  167             Rx   d 8 00 FF FF 00 00 02 0E 00
 5.479761 1  156             Rx   d 8 BA 00 00 00 00 00 00 00
End TriggerBlock
